.Random.seed <-
c(10403L, 10L, -494885268L, -287893521L, 281260069L, 1349730524L, 
-169531726L, 2143439277L, 300498279L, -1558353266L, 6386536L, 
-2133939349L, 211850505L, -104174696L, 210496198L, 1395707937L, 
1210225843L, -1487174110L, -767150060L, 688503959L, 841553549L, 
423393188L, 1083468170L, 239162869L, -966997937L, 1282269014L, 
-409487872L, -1220868285L, -779559199L, 655047760L, -1419803474L, 
-694968231L, -1192968085L, -542214694L, 851107484L, 1507258527L, 
384469749L, 487528332L, 579352162L, -1873704387L, 70890679L, 
1765796702L, -851259752L, 1239199227L, 420147097L, 2030061608L, 
1608233174L, 1792308561L, 1635853315L, -465876078L, -1802393308L, 
2086957031L, 542307389L, -2095463756L, -252948198L, 1110516325L, 
-2113992961L, -1720157306L, 1962073360L, 438818227L, -24672687L, 
-1173625344L, -488430882L, -535056087L, 1459657947L, 1654402026L, 
1262582668L, 1288715471L, -1399331707L, 1136045884L, 136130066L, 
-1393283827L, -927173049L, -62182354L, 1822634376L, -2008946549L, 
63537769L, 1176370744L, -1986947354L, 1297658497L, -1648280045L, 
-1814804030L, -1212784012L, -1517583241L, 1959677293L, -643829244L, 
805032234L, 1209075349L, 402943279L, 1825036342L, 1217850464L, 
-11697501L, -78793279L, 2109243824L, 1295179982L, 1110048313L, 
410009675L, 852816378L, -1951716100L, -814038721L, -37306859L, 
28540204L, -13611518L, -2143365923L, -960901161L, -1774736706L, 
-435180296L, 2102465243L, 760858937L, -433419128L, -1646527434L, 
695191665L, 2120514211L, 1810030578L, -1941834940L, -1566942201L, 
260569565L, 1332561620L, -795842054L, 871744837L, -1889857121L, 
-457559258L, 1709116336L, 1905850451L, 730887025L, -8387936L, 
-1865615810L, -288686775L, 1988445179L, 1625565130L, -1478420180L, 
654816559L, -131449883L, -2063301988L, -491927822L, -2124556435L, 
1139646631L, -1691999538L, -1208004568L, 2121493547L, -1904845239L, 
-1707108520L, 479068678L, 858794977L, -1941124749L, 1406200290L, 
-42037932L, -825351081L, 1628244045L, -64386076L, -961615414L, 
2113499189L, 1665068687L, -1814970474L, 1684390720L, -1482559997L, 
116651041L, 348452624L, -1850512146L, 1883911321L, -553934549L, 
1468422170L, 984240860L, -1027403041L, -982758219L, -1316246964L, 
1807373986L, -20398595L, 981358327L, -96321506L, 325407448L, 
323221051L, -1029422119L, 1471426920L, 174344342L, -763951599L, 
-403390525L, -767917102L, -1511489948L, -2080141913L, 1751851773L, 
369137396L, 544096730L, 1748698405L, 369820735L, 783758278L, 
562831440L, -1490023309L, 1843077265L, -1299742528L, 469199518L, 
-1335581079L, 192190107L, -1866007638L, -70819892L, 634425999L, 
-1575896379L, 2047398524L, 784137938L, -252192179L, 753088263L, 
-135013650L, -408416312L, -982052661L, -1840746199L, -569882248L, 
-1559486810L, 1713227969L, 98255187L, -1819398654L, 814446388L, 
-1732873033L, 550479021L, -2026012220L, -1806196246L, -1389969835L, 
-1964011537L, -1055408138L, -1147045600L, -248858909L, 1146310529L, 
427203056L, -1175402354L, -756109319L, 1220969867L, 1951556026L, 
-876142404L, -1302002689L, -1236414123L, -1186699756L, 1293131560L, 
2092505658L, -1954071088L, -1117968020L, -2099641420L, 686970898L, 
1050277344L, 842975180L, 2125848800L, 978884642L, 179986728L, 
1377803788L, -241064132L, 422495218L, 549591792L, -674476476L, 
-1640775080L, 1394560826L, -1258297872L, 2036553404L, -1356809964L, 
-468696382L, -1316719520L, -184548484L, 589043664L, -1961139934L, 
-153879896L, -263611508L, 553040060L, -1938690254L, 1485941312L, 
1089141940L, -19848632L, 1254024634L, -1399553520L, 2037707500L, 
1252761940L, 1390199058L, -2106929760L, -420437300L, -379511200L, 
1936226242L, -352098520L, 1352101804L, -188816580L, 1841539442L, 
1121516336L, -1977422556L, -781341896L, 1281138394L, 2012293008L, 
-971878660L, -1975669868L, -779575230L, 1786107136L, 1913619516L, 
-1933786800L, -1572237150L, 2082922824L, -1308813556L, 883802844L, 
601189714L, -443825024L, 1576018004L, -598732824L, -1201002246L, 
-442487984L, 1083047724L, 841558388L, -599200878L, 888711264L, 
1166462348L, 1282562912L, 693516770L, -1494256728L, -1772210996L, 
-1292173316L, -21895758L, 1928656368L, -1173255228L, 478618968L, 
517101946L, 2031027120L, 877758908L, -144230316L, 380221378L, 
-2054410208L, 1655650492L, 851415632L, -1672694814L, -1410039704L, 
1697924172L, -1827727108L, 1709476850L, -1041970944L, -33603212L, 
784460808L, -1727758406L, -842911280L, -1617921044L, 566239636L, 
-1561521710L, 176034144L, -1414934708L, -1588045536L, 975355778L, 
1988275944L, -1307361044L, -1034472388L, 256326514L, -678543760L, 
-694840284L, 388254520L, 858565786L, -877980976L, -709394244L, 
-68604268L, -543148414L, 1015367872L, 1072046908L, -1477387120L, 
1617493538L, 1677840392L, -189293300L, 1371155612L, 987299346L, 
-562921600L, -750498284L, -620516824L, -943360710L, 1955482064L, 
-1359268756L, 1724197172L, 1073714834L, 2141555552L, -975113396L, 
-981583904L, -122185822L, 963479464L, 1751788940L, -1969846084L, 
-1716975246L, -110914320L, -1176883132L, 1163108696L, 168109626L, 
725711728L, -1609811908L, -1544528108L, 844457410L, 1051163360L, 
243439484L, 275308240L, 1114855586L, -1652323288L, -124001012L, 
-417699908L, -95983310L, -2015336000L, 297421364L, 2110004168L, 
-2052900678L, 1267771792L, 576410092L, 2048901716L, 1665593490L, 
444575520L, 1981344204L, -1458989600L, -157616446L, -1271339992L, 
1890169516L, 1302324412L, -542053902L, 1450750256L, -630418268L, 
1427146424L, 169196890L, -501189232L, 1764316028L, -1380849388L, 
1174405954L, -1743987968L, 1203533756L, 1596055376L, 1119765282L, 
377281864L, 2001562124L, 719833180L, 1531542738L, 420289024L, 
-758649516L, -1377789464L, -2051109894L, -1123434288L, 64392492L, 
1407165172L, 305600914L, 706786400L, -888888052L, 701174496L, 
-201963166L, 1635326632L, -1069678004L, -392793732L, 1091585330L, 
1621815408L, 1164674884L, 7929304L, 378866810L, 339095088L, -669578564L, 
939302740L, -670428094L, 2121104800L, -140424516L, 977680848L, 
1428290914L, -1095766040L, -1037367348L, 741035772L, 1454088690L, 
-505182080L, -131857164L, 1366165128L, -325626054L, 827176L, 
1812768646L, -1321299021L, -1099435243L, 1599016306L, -1069387328L, 
-1246928343L, 1234544283L, -1549701268L, 1527347066L, -2147348305L, 
1690282937L, -1150632498L, -108697316L, -231285619L, 2133479671L, 
738745344L, -91726242L, -952516309L, -1829199315L, -96722278L, 
-1117626792L, 294052289L, -1527714189L, 407759764L, 1512432162L, 
1758129463L, -1845130239L, 1932374278L, 1742067012L, 613808245L, 
1041029599L, -2022578888L, -604342506L, -539920605L, -519174939L, 
-453918462L, 310817648L, -202167527L, -1818244341L, 650123260L, 
-109546454L, -211216289L, -947662871L, -1647955714L, -134061844L, 
-1111751619L, 2091612167L, 810189808L, -1936830578L, -1283109445L, 
1821191069L, 1172681034L, -287712920L, 1598213969L, 1715653699L, 
-2035444412L, -784550414L, 556449735L, 1126367633L, 202159382L, 
545279348L, -223196155L, -1731707825L, -14200760L, -1813330458L, 
2139495187L, -8553355L, -1906973102L, 1719640224L, 2103474569L, 
45939131L, -499722740L, 1233571738L, -180652273L, -1742148263L, 
1217071086L, -487657860L, 298637037L, 1706860951L, 109242976L, 
73572414L, -618469109L, 843115405L, -1420023622L, -759697672L, 
-1234197343L, -1458962349L, -1812321420L, 1172625666L, 1191475607L, 
-1519131807L, -649709658L, -782069340L, -1209776043L, -1224811265L, 
771187096L, 1647868598L, 659526467L, -184086907L, 1058587426L, 
901838864L, 316163001L, 1203250283L, 2144630620L, -1583198582L, 
-267871617L, 535036873L, 1614782558L, -1765784820L, -204969251L, 
-2109963289L, 2126796816L, 466105646L, -1275459109L, -1742352707L, 
196754474L, -685949752L, 806738417L, 799577955L, -380317852L, 
-863590766L, -176979097L, 518466865L, 1320322678L, 1056274324L, 
-1495071835L, -1944472401L, 245295464L, -2079321786L, 7497971L, 
1020294741L, 1271142962L, 215820288L, -930366231L, 1474509659L, 
1528913324L, -710163014L, 1799652207L, 1334072569L, -1658271346L, 
-668713892L, 1099665101L, -207803849L, 1554473152L, 1115123614L, 
-156093333L, 856003565L, 782218842L, -339052264L, -606681471L, 
