.Random.seed <-
c(10403L, 10L, 194637634L, -1811230563L, 823511319L, 1301168254L, 
-1565386696L, -886264037L, -1684751239L, -1277582136L, 761726198L, 
849843505L, 14386531L, -968472782L, -1625321340L, 1986915527L, 
-1471660131L, -1206826220L, -951019078L, 189624325L, 1898292703L, 
1322907750L, -930052112L, -690843373L, 624004785L, 1041705312L, 
-960839938L, -1078814071L, -834898501L, -1349300342L, 158496364L, 
532056047L, -2037923803L, -1043410724L, -1896941902L, 1443019181L, 
-262091417L, -47170930L, -903535768L, -960398485L, 1866278153L, 
-612230248L, 470440646L, 1554661409L, -420739917L, 1405548066L, 
-1879259116L, -610866025L, 319293069L, 398632868L, 605018506L, 
-983833099L, 1431820367L, -1386459306L, 2113660416L, -9210045L, 
-1341116703L, -1490097072L, 1227420846L, -246943655L, 1719660651L, 
457655770L, 1150381724L, 853377183L, 1987353333L, 40724364L, 
1624925794L, 1852258877L, 448455863L, 1777933150L, 271941272L, 
1854668283L, -1133846631L, 549738536L, -250576682L, 1867875665L, 
1873409027L, 876526482L, 471832868L, 1895047143L, -1143438275L, 
1097585332L, -989208294L, -903835035L, -1410746625L, -1846465658L, 
1814523152L, 207373747L, -785746351L, -478726656L, -767159586L, 
-1598684887L, -1216008997L, 772987882L, 164014988L, 831515855L, 
1797379205L, -1963139268L, -459923950L, -1964966643L, -71678393L, 
752778286L, -726998648L, -1622886261L, -720006551L, -2131653064L, 
537954022L, -620535167L, 459656723L, 560036290L, -966020492L, 
1470502007L, -1283621523L, -145350140L, -1957740246L, -727157099L, 
-1154851537L, 362080310L, -1483031456L, 835908259L, -2001869375L, 
997257648L, -580144946L, 2097524281L, 656691275L, -363879942L, 
1313086716L, -1579323073L, -2086908395L, 828722476L, 1006108162L, 
31614173L, -726712361L, 849517246L, -1996382984L, -1107197221L, 
-1339295431L, 2062204040L, 1114803254L, -701540239L, 336997027L, 
-1546366990L, 1698112324L, 732605447L, 274270685L, 1707259604L, 
-1896687110L, 2134799685L, 1534370207L, 401670950L, -381019216L, 
-1049655213L, -446495887L, 676336288L, 164628030L, 1904553289L, 
751743995L, -186288182L, 1755375916L, 2110088495L, -334533659L, 
633270940L, -1463519502L, -1075632275L, 997486759L, 1899713230L, 
-363421656L, 1111923755L, 68513353L, -537950376L, 199397894L, 
776371169L, -178792077L, 1411226082L, -467591852L, -814328745L, 
1636702285L, -139224092L, -1951180342L, 1860411445L, 660061839L, 
-1481601130L, 83186496L, 1256726019L, 48219169L, 1433708304L, 
-1292968722L, 1791837337L, -1886498517L, -1449187302L, -1344462116L, 
1791525599L, -1432666955L, 812767820L, 1214572194L, -99873283L, 
-1675729161L, 1371975710L, 934683352L, 161777211L, 1054438361L, 
1330233704L, 60610710L, 760714769L, -348688445L, -589433902L, 
1913302628L, -1380639321L, -300641539L, -1505270028L, -1667124774L, 
-383216347L, 535131199L, -548650042L, 88821840L, -1162371981L, 
696545425L, -1522888512L, -330491234L, 1605301865L, -1716451685L, 
-968479830L, 1901907916L, 1149567631L, 63433413L, -480951684L, 
1830129362L, -1759131059L, -1991932153L, 1093807212L, 178307476L, 
811349074L, -739794464L, -906101556L, 816489632L, -56617598L, 
1360644328L, 1568044780L, -1183673028L, 1317555314L, 470820976L, 
-51511260L, -233984968L, -1189982438L, 1286606032L, -292397252L, 
-1982462060L, 1826730882L, -1235949120L, -901874116L, 222512528L, 
1719344674L, -1681939192L, -1431843188L, 604045084L, -1887412078L, 
1933769088L, 1938466324L, -353157336L, -306775494L, 1220050384L, 
-189011604L, -1481849932L, -1597884398L, 1783821792L, -112138292L, 
723976416L, 1641920546L, 764322088L, 960093708L, -1452579012L, 
-687217678L, -1009304848L, -1623306684L, 1350156888L, 1469640506L, 
-479566352L, 98014908L, 2032171284L, 401588930L, 1426560096L, 
634004348L, 1243985872L, -1280286430L, 1695128232L, 1901190028L, 
668874940L, 883773234L, -2019800512L, 1847418036L, -1993539000L, 
992372154L, -1160142320L, 737915628L, -2128617132L, 596631826L, 
-158184032L, 115671756L, -535519648L, -772147262L, -1712191704L, 
-983339092L, -1524317380L, 1867377010L, -995271888L, 418172196L, 
-807212232L, -1469546790L, -1539389552L, -1150365956L, 920529812L, 
-2042462142L, 1919350016L, 1421345852L, -864124592L, -771174238L, 
374505800L, -481339636L, 997466844L, -1352749742L, -1174813568L, 
573816916L, -1117909016L, 2003142906L, 1679551312L, -575930580L, 
1339279732L, -575247470L, -1237366688L, -1763250804L, 2043272032L, 
-1475487262L, 707572648L, 1198404812L, 1134632956L, 1421845938L, 
-1922460176L, -729527356L, -1658436264L, -1988372102L, 534971312L, 
-1915475524L, 1526241364L, -1216137278L, -1516638176L, -1401333572L, 
-735890864L, -1506774046L, -930332568L, -686685108L, -1573963524L, 
742788082L, 191088896L, 1659134324L, 414821384L, -439541830L, 
-1986088496L, 757251052L, -72433260L, -593800750L, -1036160672L, 
-774508724L, 951974176L, -1390936190L, -1614680344L, 1603092716L, 
524284988L, 759364466L, 867720816L, 1712542756L, -419337416L, 
142929050L, -279563568L, -1722670916L, -1209995628L, 147461762L, 
-1193563968L, -962518212L, 1369463952L, -37872094L, -239595512L, 
111574284L, -1982223204L, 188612114L, 1264516992L, 1733922324L, 
-1193235928L, -204819142L, -535459376L, -1529842580L, 338528564L, 
768456338L, -2143646880L, -654109876L, -1301375008L, 1474246562L, 
2137180072L, 1178709388L, -2110576452L, -1467446926L, -1611582224L, 
-1210199996L, 1922359640L, 1443669562L, 997112688L, -1357858756L, 
-1136623852L, 1537254850L, 120126176L, 2085894012L, -1133445424L, 
947058850L, -919401432L, -1840954100L, -1982249028L, -1114371790L, 
1027426752L, -1062139340L, -749159480L, -2005583686L, -73111152L, 
524481004L, 1828266580L, -1833545582L, -1256870112L, 386787788L, 
-630614560L, 1918252738L, -870923224L, 25809580L, -221838148L, 
-818771470L, 1313837360L, 1273910436L, 1130702520L, -313148070L, 
1695184272L, -361655428L, 691276052L, 1471931202L, 1588157184L, 
716781500L, 1072635728L, 459113250L, 1101602120L, -1735914996L, 
-762189732L, -355304238L, 828979712L, 725093716L, -1633404440L, 
1943153658L, 656867536L, 1629621548L, 1342956276L, -95536750L, 
-1349471518L, 1867676496L, -1731524999L, -1968084565L, 1778417436L, 
1839958090L, 1401584703L, 692935817L, -2459490L, -432302772L, 
-714345187L, 1400180903L, 1429135312L, -547612818L, 207003163L, 
1890658173L, 1884171626L, -602127352L, -907408207L, -260330717L, 
1310185508L, 355310290L, -300773593L, -1595600527L, 1693112246L, 
844090196L, 1104434661L, 516681711L, -371486936L, -7899258L, 
717439923L, 1145578261L, 497270130L, -1706409536L, 828428841L, 
465442459L, 1172455276L, 2100602746L, -1408302929L, 551156665L, 
-651391538L, -1912620772L, 1989946509L, -689053449L, 1359940608L, 
1831693918L, -1694478037L, -2139049427L, -616746342L, 422874712L, 
-1237085759L, 1249820275L, -1174520940L, 1685107234L, 1542315319L, 
2055576577L, -1904639738L, 961103172L, -2096592779L, -1610069537L, 
-834595528L, -1171953898L, -1844304093L, -1849969435L, -1118252798L, 
-660814992L, -1033536743L, -2104501493L, -856758276L, -622009302L, 
1502144607L, -1033355287L, 1950998782L, -2062528276L, -13716419L, 
-257734649L, -124627984L, -35250290L, 846986683L, -166110307L, 
1255661898L, 1281403240L, 1702600529L, 1038441539L, -923187900L, 
-1554184718L, 1523519431L, 768733585L, 2140308758L, 1608367476L, 
785284101L, -1451537329L, -646815672L, -2042505754L, -19961069L, 
125242485L, 1236645458L, 275206304L, 771500425L, -712267333L, 
650487308L, 1452441498L, 163096335L, 193305945L, -1532274706L, 
490028668L, -295352595L, -1136430697L, 2094389856L, -240594882L, 
1364900107L, 1092647821L, 319027386L, 1565163256L, 137295009L, 
-1467797421L, 1876237172L, -1113233150L, 1370786199L, -129977503L, 
1634052006L, -304176732L, -673712043L, 1271098623L, -184733288L, 
1096747702L, 1714193219L, -1719501179L, -1731964126L, -691525616L, 
995840953L, -398216085L, 1951205212L, 341106314L, 24980095L, 
-70134839L, -1212592034L, 1025536780L, -2147026211L, 1147474919L, 
-106616816L, -2095258322L, -1468286501L, -2003018051L, 291359786L, 
-1455502136L, -264336911L, -841889949L, 788545380L, 1401542290L, 
